x= -95.70690747688141 
eta =  2.583175059523779 
delta =  -87.42666679964313